width: 2592
height: 1944
# fx, fy, cx, cy
calibration:  [1478.95393660578, 1478.95393660578, 1296.0, 972.0]